precision : 0.9851088201603666
recall : 0.791532443626323
f0.5 : 0.9391722179753196
accuracy : 0.9455681818181818
