precision : 0.9725731562466257
recall : 0.7593154611364019
f0.5 : 0.9208481576902628
accuracy : 0.9421441464912443
