precision : 0.975
recall : 0.8684759916492694
f0.5 : 0.9516547201464083
accuracy : 0.9581122062168309
