precision : 0.9705263157894737
recall : 0.8485964104924069
f0.5 : 0.9434155325897882
accuracy : 0.95625
