precision : 0.9425380527785283
recall : 0.8822289664474794
f0.5 : 0.9298254966769733
accuracy : 0.9621303757187785
