precision : 0.9596403978576894
recall : 0.845894452874726
f0.5 : 0.9345080654174273
accuracy : 0.9581294080428755
