precision : 0.992091388400703
recall : 0.7856645789839944
f0.5 : 0.9425613624979128
accuracy : 0.9399166034874905
