precision : 0.9656716417910448
recall : 0.893235158766682
f0.5 : 0.9502594732204055
accuracy : 0.9657954545454546
